0.000967,
0.003865,
0.008682,
0.015400,
0.023993,
0.034428,
0.046664,
0.060653,
0.076343,
0.093671,
0.112571,
0.132971,
0.154790,
0.177945,
0.202345,
0.227898,
0.254503,
0.282057,
0.310455,
0.339587,
0.369339,
0.399596,
0.430242,
0.461157,
0.492223,
0.523320,
0.554325,
0.585121,
0.615587,
0.645607,
0.675062,
0.703841,
0.731831,
0.758924,
0.785015,
0.810004,
0.833793,
0.856291,
0.877411,
0.897070,
0.915193,
0.931710,
0.946557,
0.959676,
0.971017,
0.980535,
0.988194,
0.993965,
0.997825,
0.999758,
0.999758,
0.997825,
0.993965,
0.988194,
0.980535,
0.971017,
0.959676,
0.946557,
0.931710,
0.915193,
0.897070,
0.877411,
0.856291,
0.833793,
0.810004,
0.785015,
0.758924,
0.731831,
0.703841,
0.675062,
0.645607,
0.615587,
0.585121,
0.554325,
0.523320,
0.492223,
0.461157,
0.430242,
0.399596,
0.369339,
0.339587,
0.310455,
0.282057,
0.254503,
0.227898,
0.202345,
0.177945,
0.154790,
0.132971,
0.112571,
0.093671,
0.076343,
0.060653,
0.046664,
0.034428,
0.023993,
0.015400,
0.008682,
0.003865,
0.000967,
